8
./res/%d.data
640 480 120

4.0 0.0 0.0   1.0 1.0   1.0 1.0 1.0   0.0 0.0
2.0 0.0 0.0   0.5 0.1   1.0 1.0 1.0   0.0 0.0

 2.0  0.0  0.0    1.0  0.0  1.0   2.0    0.65   0.25   10
-1.5 -1.5  0.5    0.0  1.0  0.0   1.75   0.25   0.65   5
-1.0  3.0  0.75   0.75 0.75 0.0   1.5    0.45   0.45   2

-6.0 -6.0 -3.0   -6.0  6.0  0.0   6.0 6.0 -2.0   6.0 -6.0 -1.0 ./textures/checkerboard.data 0.75 0.75 0.75 0.5

4
-5  5 4     1.0 0.5 0.0
-5 -5 2     0.0 1.0 0.0
 5 -5 1     0.0 0.0 1.0
 5  5 3     1.0 1.0 1.0

4 1
